Largermol: RHF, sto-3g

energy = -342.63557977052125

Grad =
[[-2.66417135e-05 -3.03281099e-05 -2.06113724e-05]
 [ 1.72170159e-05  1.16948420e-05 -9.32252505e-06]
 [-1.22068530e-05 -9.98668612e-06  1.57451982e-05]
 [ 1.21715255e-05  9.78889070e-06  1.26002875e-05]
 [-2.58838488e-06  2.90999543e-06 -4.02379886e-06]
 [ 7.04041051e-06 -5.75721555e-06  3.66847366e-07]
 [ 9.24953171e-07  2.54230092e-06 -3.44345880e-06]
 [-4.47747314e-06 -4.44382852e-06  5.42088503e-07]
 [ 1.00667143e-05  3.15774644e-05 -5.98888881e-06]
 [-2.67369692e-06 -3.67130618e-06  5.26366098e-06]
 [-6.56416187e-07 -2.82849069e-05  2.63505112e-06]
 [-6.19969155e-06 -5.91581863e-06  3.37301794e-06]
 [ 5.96539929e-06  3.02662730e-06  2.02753673e-06]
 [-4.76838687e-06  1.44265675e-05 -5.97791651e-06]
 [ 5.11140864e-06  8.54261607e-06  1.02012908e-05]
 [ 5.82605080e-06 -3.69726091e-06  2.09942735e-06]
 [-2.42819526e-06  9.96588307e-07 -8.32088402e-06]
 [-1.72558276e-06 -3.11313347e-06 -8.25713506e-06]
 [ 1.67058190e-06  7.89597993e-06  7.33371964e-06]
 [-1.62766514e-06  1.79639495e-06  3.75785241e-06]]
